Ejemplo de input

r_i r_e m+1 n iso ninst
# Luego tendra ninst lineas, cada una con 2n valores
# Los primeros n indicando el calor de la temperatura interna
# Los ultimos n indican los valores de la pared externa

5 15 100 16 500 1
1500 1500 1500 1500 1500 1500 1500 1500 1500 1500 1500 1500 1500 1500 1500 1500 160.8435309947052 162.42036793522266 159.59264334173378 144.6919884216488 160.8435309947052 162.42036793522266 159.59264334173378 144.6919884216488 160.8435309947052 162.42036793522266 159.59264334173378 144.6919884216488 160.8435309947052 162.42036793522266 159.59264334173378 144.6919884216488

5 15 100 32 500 1
1500 1500 1500 1500 1500 1500 1500 1500 1500 1500 1500 1500 1500 1500 1500 1500 1500 1500 1500 1500 1500 1500 1500 1500 1500 1500 1500 1500 1500 1500 1500 1500 160.8435309947052 162.42036793522266 159.59264334173378 144.6919884216488 160.8435309947052 162.42036793522266 159.59264334173378 144.6919884216488 160.8435309947052 162.42036793522266 159.59264334173378 144.6919884216488 160.8435309947052 162.42036793522266 159.59264334173378 144.6919884216488 160.8435309947052 162.42036793522266 159.59264334173378 144.6919884216488 160.8435309947052 162.42036793522266 159.59264334173378 144.6919884216488 160.8435309947052 162.42036793522266 159.59264334173378 144.6919884216488 160.8435309947052 162.42036793522266 159.59264334173378 144.6919884216488

5 6 5 4 500 1
1500 1500 1500 1500 160.8435309947052 162.42036793522266 159.59264334173378 144.6919884216488

5 6 10 4 500 1
1500 1500 1500 1500 160.8435309947052 162.42036793522266 159.59264334173378 144.6919884216488
